0.053787
0.053233
0.052811
0.052470
0.052184
0.051937
0.051718
0.051522
0.051344
0.051181
0.051030
0.050890
0.050759
0.050635
0.050518
0.050407
0.050301
0.050201
0.050104
0.050012
0.049923
0.049837
0.049754
0.049675
0.049597
0.049522
0.049449
0.049379
0.049310
0.049243
0.049177
0.049113
0.049051
0.048990
0.048930
0.048872
0.048814
0.048758
0.048703
0.048649
0.048596
0.048544
0.048493
0.048442
0.048393
0.048344
0.048296
0.048248
0.048202
0.048155
0.048110
0.048066
0.048021
0.047978
0.047935
0.047892
0.047850
0.047809
0.047767
0.047727
0.047687
0.047647
0.047608
0.047569
0.047530
0.047492
0.047455
0.047417
0.047381
0.047344
0.047308
0.047272
0.047236
0.047201
0.047166
0.047131
0.047097
0.047063
0.047029
0.046995
0.046962
0.046929
0.046896
0.046864
0.046832
0.046799
0.046768
0.046736
0.046705
0.046673
0.046643
0.046612
0.046582
0.046551
0.046521
0.046491
0.046462
0.046432
0.046403
0.046374
