0.000000
0.041876
0.083678
0.125333
0.166769
0.207912
0.248690
0.289032
0.328866
0.368124
0.406736
0.444635
0.481753
0.518027
0.553391
0.587785
0.621147
0.653420
0.684547
0.714472
0.743144
0.770513
0.796529
0.821149
0.844327
0.866025
0.886203
0.904827
0.921863
0.937282
0.951056
0.963162
0.973579
0.982287
0.989272
0.994522
0.998027
0.999781
0.999781
0.998027
0.994522
0.989273
0.982288
0.973579
0.963163
0.951057
0.937283
0.921864
0.904828
0.886204
0.866026
0.844329
0.821150
0.796531
0.770514
0.743146
0.714474
0.684549
0.653422
0.621149
0.587787
0.553393
0.518029
0.481756
0.444637
0.406739
0.368127
0.328869
0.289034
0.248692
0.207914
0.166771
0.125336
0.083680
0.041878
0.000003
-0.041873
-0.083675
-0.125331
-0.166766
-0.207909
-0.248687
-0.289029
-0.328864
-0.368122
-0.406734
-0.444632
-0.481751
-0.518024
-0.553389
-0.587783
-0.621145
-0.653418
-0.684545
-0.714470
-0.743142
-0.770511
-0.796528
-0.821147
-0.844326
-0.866024
-0.886202
-0.904826
-0.921862
-0.937281
-0.951055
-0.963162
-0.973578
-0.982287
-0.989272
-0.994521
-0.998026
-0.999781
-0.999781
-0.998027
-0.994522
-0.989273
-0.982288
-0.973580
-0.963164
-0.951058
-0.937283
-0.921865
-0.904829
-0.886206
-0.866028
-0.844330
-0.821152
-0.796533
-0.770516
-0.743148
-0.714476
-0.684551
-0.653424
-0.621151
-0.587789
-0.553396
-0.518031
-0.481758
-0.444640
-0.406741
-0.368129
-0.328871
-0.289037
-0.248695
-0.207917
-0.166774
-0.125338
-0.083683
-0.041881
