1.000000
0.999123
0.996493
0.992115
0.985996
0.978148
0.968583
0.957320
0.944376
0.929777
0.913546
0.895712
0.876307
0.855365
0.832922
0.809017
0.783694
0.756995
0.728969
0.699664
0.669131
0.637425
0.604600
0.570714
0.535828
0.500001
0.463297
0.425780
0.387516
0.348573
0.309018
0.268921
0.228352
0.187383
0.146084
0.104530
0.062792
0.020944
-0.020941
-0.062789
-0.104527
-0.146082
-0.187380
-0.228349
-0.268918
-0.309015
-0.348571
-0.387514
-0.425778
-0.463295
-0.499998
-0.535825
-0.570712
-0.604598
-0.637423
-0.669129
-0.699662
-0.728967
-0.756994
-0.783692
-0.809016
-0.832920
-0.855363
-0.876306
-0.895711
-0.913545
-0.929776
-0.944376
-0.957319
-0.968583
-0.978147
-0.985996
-0.992114
-0.996493
-0.999123
-1.000000
-0.999123
-0.996493
-0.992115
-0.985997
-0.978148
-0.968584
-0.957320
-0.944377
-0.929778
-0.913547
-0.895713
-0.876308
-0.855366
-0.832923
-0.809019
-0.783695
-0.756997
-0.728971
-0.699666
-0.669133
-0.637427
-0.604602
-0.570716
-0.535830
-0.500003
-0.463299
-0.425782
-0.387519
-0.348576
-0.309021
-0.268923
-0.228355
-0.187385
-0.146087
-0.104532
-0.062794
-0.020946
0.020938
0.062786
0.104525
0.146079
0.187377
0.228347
0.268916
0.309013
0.348568
0.387511
0.425775
0.463292
0.499996
0.535823
0.570710
0.604596
0.637421
0.669127
0.699660
0.728965
0.756992
0.783691
0.809014
0.832918
0.855362
0.876304
0.895710
0.913543
0.929775
0.944375
0.957318
0.968582
0.978146
0.985995
0.992114
0.996492
0.999123
