0
244
487
742
978
1226
1472
1708
1959
2200
2447
2691
2932
3178
3424
3662
3914
4156
4403
4649
4900
5135
5379
5627
5871
6112
6357
6602
6846
7093
7339
7580
7826
8069
8314
8560
8806
9050
9295
9537
9781
10028
10272
10517
10762
11011
11251
11494
11742
11985
12229
12474
12715
12965
13208
13454
13696
13941
14183
14430
14674
14917
15163
15403
15648
15896
16140
16386
16628
16871
17121
17365
17616
17854
18097
18341
18586
18836
19070
19315
19565
19807
20053
20298
20543
20785
21031
21275
21524
21766
22010
22255
22498
22742
22988
23236
23478
23722
23969
24210
24451
24700
24946
25200
25431
25683
25918
26165
26413
26654
26897
27141
27392
27632
27876
28122
28365
28609
28855
29100
29344
29587
29834
30078
30323
30568
30809
31060
31301
31542
31788
32034
32277
32527
32761
33013
33264
33504
33746
33992
34235
34479
34725
34968
35211
35460
35701
35951
36190
36432
36684
36928
37167
37418
37661
37908
38149
38392
38637
38888
39128
39372
39615
39862
40102
40353
40593
40843
41084
41325
41574
41814
42062
42307
42550
42796
43044
43288
43528
43780
44024
44265
44507
44748
44997
45238
45481
45730
45975
46216
46463
46717
46959
47196
47440
47686
47933
48175
48423
48663
48906
49155
49395
49642
49886
50133
50373
50617
50861
51107
51357
51596
51840
52084
52330
52573
52818
53063
53308
53555
53799
54041
54287
54532
54783
55021
55263
55507
55753
55997
56242
56486
56730
56975
57219
57461
57711
57952
58197
58442
58686
58930
59177
59422
59662
59907
60154
60403
60645
60891
61134
61376
61620
61865
62110
62355
62597
62840
63090
63331
63576
63816
64062
64313
64554
64802
65047
65287
65528
65778
66019
66268
66511
66755
66997
67246
67492
67734
67978
68220
68466
68706
68950
69203
69440
69692
69925
70181
70423
70667
70917
71154
71403
71644
71891
72135
72382
72627
72866
73109
73352
73599
73847
74088
74338
74576
74821
75068
75308
75549
75801
76052
76296
76532
76781
77026
77267
77513
77752
77995
78240
78489
78728
78978
79213
79468
79718
79959
80199
80443
80686
80929
81175
81423
81667
81905
82153
82398
82644
82888
83136
83376
83622
83865
84111
84357
84603
84849
85091
85330
85580
85825
86067
86311
86562
86802
87050
87292
87534
87770
88020
88269
88512
88753
88999
89244
89485
89734
89984
90220
90463
90714
90959
91201
91451
91687
91941
92182
92424
92666
92911
93160
93397
93649
93891
94135
94377
94623
94866
95104
95364
95599
95846
96094
96336
96577
96826
97075
97316
97556
97806
98044
98297
98537
98782
99028
99271
99516
99756
100005
100248
100496
100738
100989
101225
101469
101716
101959
102210
102448
102694
102939
103182
103435
103676
103917
104168
104408
104654
104896
105144
105391
105637
105875
106123
106366
106615
106858
107101
107347
107587
107832
108075
108323
108564
108810
109056
109300
109551
109790
110032
110279
110523
110770
111009
111258
111501
111746
111987
112234
112477
112724
112968
113210
113454
113701
113948
114202
114436
114681
114924
115172
115416
115661
115907
116150
116397
116638
116880
117124
117368
117616
117860
118104
118346
118593
118836
119083
119328
119571
119817
120060
120303
120547
120793
121039
121282
121524
121769
122011
122260
122508
122753
122996
123236
123481
123739
123971
124216
124460
124706
124950
125194
125442
125684
125929
126173
126417
126665
126906
127150
127396
127640
127886
128127
128373
128618
128857
129104
129352
129597
129842
130086
130326
130577
130822
131061
131305
131554
131796
132045
132284
132529
132776
133021
133266
133506
133754
133990
134240
134492
134731
134978
135221
135467
135707
135958
136200
136444
136684
136937
137170
137425
137662
137911
138156
138401
138647
138887
139129
139379
139626
139863
140117
140355
140605
140848
141082
141337
141576
141822
142066
142305
142562
142795
143041
143295
143533
143778
144025
144272
144513
144759
145002
145245
145486
145737
145980
146224
146474
146706
146951
147202
147445
147685
147933
148177
148421
148667
148911
149160
149410
149644
149888
150136
150381
150622
150874
151114
151360
151606
151845
152095
152334
152580
152824
153063
153317
153558
153800
154043
154288
154535
154781
155025
155261
155508
155756
156005
156249
156494
156737
156983
157228
157474
157712
157957
158204
158451
158685
158935
159179
159432
159665
159908
160163
160403
160655
160894
161139
161384
161626
161873
162114
162360
162606
162849
163098
163342
163579
163827
164071
164315
164559
164806
165045
165292
165539
165781
166026
166269
166514
166761
167003
167246
167501
167739
167984
168223
168475
168719
168965
169211
169450
169692
169945
170183
170426
170672
170923
171164
171407
171658
171899
172136
172393
172635
172875
173123
173366
173610
173856
174101
174346
174591
174828
175067
175318
175569
175810
176056
176297
176544
176787
177030
177276
177520
177766
178010
178252
178501
178744
178990
179227
179475
179720
179968
180211
180449
180693
180944
181184
181434
181681
181921
182162
182414
182651
182899
183137
183384
183633
183875
184117
184367
184619
184858
185106
185344
185588
185833
186081
186326
186567
186811
187060
187300
187545
187791
188033
188278
188524
188767
189014
189256
189502
189741
189986
190235
190481
190724
190966
191212
191458
191699
191950
192193
192437
192682
192926
193171
193411
193661
193905
194150
194394
194640
194884
195130
195372
195615
195860
196105
196351
196592
196837
197097
197327
197573
197816
198061
198305
198549
198793
199038
199281
199527
199772
200021
200264
200500
200750
200993
201238
201479
201727
201975
202219
202462
202704
202947
203196
203439
203681
203927
204174
204416
204664
204901
205152
205400
205643
205882
206126
206374
206619
206865
207109
207351
207597
207841
208085
208329
208573
208819
209063
209308
209553
209795
210044
210291
210531
210780
211018
211263
211519
211752
211997
212240
212494
212729
212976
213221
213467
213712
213953
214198
214439
214687
214933
215175
215420
215662
215908
216154
216396
216642
216884
217125
217375
217622
217864
218110
218354
218598
218845
219092
219331
219577
219820
220075
220311
220554
220798
221049
221287
221533
221775
222032
222267
222512
222758
222999
223244
223490
223733
223975
224223
224469
224711
224954
225198
225444
225690
225937
226180
226424
226666
226912
227155
227409
227645
227890
228135
228380
228624
228870
229114
229355
229601
229845
230093
230336
230580
230826
231071
231317
231558
231803
232050
232292
232541
232782
233026
233270
233515
233760
234001
234249
234490
234736
234981
235225
235470
235716
235960
236204
236459
236692
236937
237179
237426
237669
237912
238158
238402
238646
238886
239134
239377
239626
239870
240115
240362
240603
240846
241093
241338
241583
241827
242072
242315
242562
242807
243050
243295
243538
243783
244025
244272
244517
244761
245003
245249
245499
245739
245986
246228
246471
246721
246958
247202
247453
247698
247937
248185
248434
248674
248917
249161
249405
249652
249897
249897
250383
