0
976
1948
2968
3912
4904
5888
6832
7836
8800
9788
10764
11728
12712
13696
14648
15656
16624
17612
18596
19600
20540
21516
22508
23484
24448
25428
26408
27384
28372
29356
30320
31304
32276
33256
34240
35224
36200
37180
38148
39124
40112
41088
42068
43048
44044
45004
45976
46968
47940
48916
49896
50860
51860
52832
53816
54784
55764
56732
57720
58696
59668
60652
61612
62592
63584
64560
65544
66512
67484
68484
69460
70464
71416
72388
73364
74344
75344
76280
77260
78260
79228
80212
81192
82172
83140
84124
85100
86096
87064
88040
89020
89992
90968
91952
92944
93912
94888
95876
96840
97804
98800
99784
100800
101724
102732
103672
104660
105652
106616
107588
108564
109568
110528
111504
112488
113460
114436
115420
116400
117376
118348
119336
120312
121292
122272
123236
124240
125204
126168
127152
128136
129108
130108
131044
132052
133056
134016
134984
135968
136940
137916
138900
139872
140844
141840
142804
143804
144760
145728
146736
147712
148668
149672
150644
151632
152596
153568
154548
155552
156512
157488
158460
159448
160408
161412
162372
163372
164336
165300
166296
167256
168248
169228
170200
171184
172176
173152
174112
175120
176096
177060
178028
178992
179988
180952
181924
182920
183900
184864
185852
186868
187836
188784
189760
190744
191732
192700
193692
194652
195624
196620
197580
198568
199544
200532
201492
202468
203444
204428
205428
206384
207360
208336
209320
210292
211272
212252
213232
214220
215196
216164
217148
218128
219132
220084
221052
222028
223012
223988
224968
225944
226920
227900
228876
229844
230844
231808
232788
233768
234744
235720
236708
237688
238648
239628
240616
241612
242580
243564
244536
245504
246480
247460
248440
249420
250388
251360
252360
253324
254304
255264
256248
257252
258216
259208
260188
261148
262112
263112
264076
265072
266044
267020
267988
268984
269968
270936
271912
272880
273864
274824
275800
276812
277760
278768
279700
280724
281692
282668
283668
284616
285612
286576
287564
288540
289528
290508
291464
292436
293408
294396
295388
296352
297352
298304
299284
300272
301232
302196
303204
304208
305184
306128
307124
308104
309068
310052
311008
311980
312960
313956
314912
315912
316852
317872
318872
319836
320796
321772
322744
323716
324700
325692
326668
327620
328612
329592
330576
331552
332544
333504
334488
335460
336444
337428
338412
339396
340364
341320
342320
343300
344268
345244
346248
347208
348200
349168
350136
351080
352080
353076
354048
355012
355996
356976
357940
358936
359936
360880
361852
362856
363836
364804
365804
366748
367764
368728
369696
370664
371644
372640
373588
374596
375564
376540
377508
378492
379464
380416
381456
382396
383384
384376
385344
386308
387304
388300
389264
390224
391224
392176
393188
394148
395128
396112
397084
398064
399024
400020
400992
401984
402952
403956
404900
405876
406864
407836
408840
409792
410776
411756
412728
413740
414704
415668
416672
417632
418616
419584
420576
421564
422548
423500
424492
425464
426460
427432
428404
429388
430348
431328
432300
433292
434256
435240
436224
437200
438204
439160
440128
441116
442092
443080
444036
445032
446004
446984
447948
448936
449908
450896
451872
452840
453816
454804
455792
456808
457744
458724
459696
460688
461664
462644
463628
464600
465588
466552
467520
468496
469472
470464
471440
472416
473384
474372
475344
476332
477312
478284
479268
480240
481212
482188
483172
484156
485128
486096
487076
488044
489040
490032
491012
491984
492944
493924
494956
495884
496864
497840
498824
499800
500776
501768
502736
503716
504692
505668
506660
507624
508600
509584
510560
511544
512508
513492
514472
515428
516416
517408
518388
519368
520344
521304
522308
523288
524244
525220
526216
527184
528180
529136
530116
531104
532084
533064
534024
535016
535960
536960
537968
538924
539912
540884
541868
542828
543832
544800
545776
546736
547748
548680
549700
550648
551644
552624
553604
554588
555548
556516
557516
558504
559452
560468
561420
562420
563392
564328
565348
566304
567288
568264
569220
570248
571180
572164
573180
574132
575112
576100
577088
578052
579036
580008
580980
581944
582948
583920
584896
585896
586824
587804
588808
589780
590740
591732
592708
593684
594668
595644
596640
597640
598576
599552
600544
601524
602488
603496
604456
605440
606424
607380
608380
609336
610320
611296
612252
613268
614232
615200
616172
617152
618140
619124
620100
621044
622032
623024
624020
624996
625976
626948
627932
628912
629896
630848
631828
632816
633804
634740
635740
636716
637728
638660
639632
640652
641612
642620
643576
644556
645536
646504
647492
648456
649440
650424
651396
652392
653368
654316
655308
656284
657260
658236
659224
660180
661168
662156
663124
664104
665076
666056
667044
668012
668984
670004
670956
671936
672892
673900
674876
675860
676844
677800
678768
679780
680732
681704
682688
683692
684656
685628
686632
687596
688544
689572
690540
691500
692492
693464
694440
695424
696404
697384
698364
699312
700268
701272
702276
703240
704224
705188
706176
707148
708120
709104
710080
711064
712040
713008
714004
714976
715960
716908
717900
718880
719872
720844
721796
722772
723776
724736
725736
726724
727684
728648
729656
730604
731596
732548
733536
734532
735500
736468
737468
738476
739432
740424
741376
742352
743332
744324
745304
746268
747244
748240
749200
750180
751164
752132
753112
754096
755068
756056
757024
758008
758964
759944
760940
761924
762896
763864
764848
765832
766796
767800
768772
769748
770728
771704
772684
773644
774644
775620
776600
777576
778560
779536
780520
781488
782460
783440
784420
785404
786368
787348
788388
789308
790292
791264
792244
793220
794196
795172
796152
797124
798108
799088
800084
801056
802000
803000
803972
804952
805916
806908
807900
808876
809848
810816
811788
812784
813756
814724
815708
816696
817664
818656
819604
820608
821600
822572
823528
824504
825496
826476
827460
828436
829404
830388
831364
832340
833316
834292
835276
836252
837232
838212
839180
840176
841164
842124
843120
844072
845052
846076
847008
847988
848960
849976
850916
851904
852884
853868
854848
855812
856792
857756
858748
859732
860700
861680
862648
863632
864616
865584
866568
867536
868500
869500
870488
871456
872440
873416
874392
875380
876368
877324
878308
879280
880300
881244
882216
883192
884196
885148
886132
887100
888128
889068
890048
891032
891996
892976
893960
894932
895900
896892
897876
898844
899816
900792
901776
902760
903748
904720
905696
906664
907648
908620
909636
910580
911560
912540
913520
914496
915480
916456
917420
918404
919380
920372
921344
922320
923304
924284
925268
926232
927212
928200
929168
930164
931128
932104
933080
934060
935040
936004
936996
937960
938944
939924
940900
941880
942864
943840
944816
945836
946768
947748
948716
949704
950676
951648
952632
953608
954584
955544
956536
957508
958504
959480
960460
961448
962412
963384
964372
965352
966332
967308
968288
969260
970248
971228
972200
973180
974152
975132
976100
977088
978068
979044
980012
980996
981996
982956
983944
984912
985884
986884
987832
988808
989812
990792
991748
992740
993736
994696
995668
996644
997620
998608
999588
999588
