-286.660973
-3.183219
-3.663191
-3.679625
-3.677117
-3.680438
-3.712262
-3.685782
-3.654641
-3.678948
-3.657734
-3.645125
-3.664822
-3.676266
-3.701599
-3.673248
-3.704888
-3.678789
-3.672329
-3.670363
-3.662112
-3.652573
-3.675848
-3.692307
-3.678301
-3.703491
-3.693596
-3.664406
-3.651933
-3.666317
-3.642574
-3.681955
-3.678390
-3.695197
-3.682979
-3.693869
-3.685389
-3.652515
-3.653721
-3.673735
-3.662560
-3.667885
-3.690075
-3.693254
-3.693368
-3.688953
-3.685187
-3.651552
-3.651450
-3.673190
-3.666597
-3.672474
-3.699335
-3.689554
-3.683276
-3.676681
-3.687339
-3.651701
-3.669712
-3.669387
-3.663965
-3.697901
-3.701446
-3.694881
-3.678201
-3.686009
-3.665631
-3.650783
-3.670561
-3.676186
-3.683562
-3.688489
-3.680406
-3.681234
-3.680024
-3.669055
-3.659351
-3.649219
-0.465710
