972
947
1041
939
934
949
992
950
995
985
998
964
964
995
943
952
970
1005
1018
1046
1008
975
998
983
997
996
934
992
982
914
1018
955
962
988
946
987
996
955
996
959
937
1000
991
926
1041
990
996
994
917
953
970
1013
965
995
973
930
958
921
988
943
1016
959
957
1003
962
1024
918
946
990
896
1009
969
967
985
1023
953
964
934
995
1014
978
992
973
989
1029
999
949
929
1002
1041
919
934
948
943
951
1009
1016
1003
953
996
993
1036
1021
946
1048
1048
981
997
913
929
927
1003
998
959
998
978
974
970
961
911
941
991
959
963
968
884
992
990
994
961
1022
974
961
930
966
1026
1027
984
1012
1001
995
970
989
943
950
987
961
983
962
1021
933
913
923
995
998
962
984
927
1003
979
1017
960
944
945
960
995
942
1004
1013
1013
977
1023
983
1000
967
959
922
979
966
921
979
995
974
970
939
987
970
927
955
1006
987
1039
922
1096
979
993
970
980
978
1011
1013
965
1004
991
960
953
1009
995
988
1006
923
995
989
964
948
975
977
1032
970
963
964
966
991
1020
1034
993
947
938
952
978
949
987
990
959
959
986
970
986
980
988
945
995
978
952
972
1016
999
955
1025
983
950
984
983
956
958
952
976
984
993
944
977
955
906
1008
943
957
980
1035
970
963
1000
907
949
1058
1010
987
948
967
1003
989
963
890
927
979
1026
967
977
979
1014
938
1014
978
986
972
958
935
932
948
973
971
979
966
966
938
997
979
921
994
1026
935
1002
980
994
1018
994
951
928
988
975
1026
952
977
1036
937
962
1013
944
1041
983
989
1003
988
980
982
1024
969
1019
981
1009
1002
977
949
977
934
897
989
923
943
984
1033
919
922
929
1004
1025
964
1000
997
955
967
988
984
999
956
947
914
964
935
986
1017
1036
975
968
993
1003
949
966
938
956
997
983
974
994
1033
980
935
985
1014
973
966
988
948
1011
976
1001
993
996
973
986
1008
939
971
970
964
981
1038
931
965
943
969
924
965
963
958
1002
974
979
970
1004
1011
992
932
993
1071
960
993
1026
1004
1004
964
941
1013
956
973
959
926
995
986
915
979
1004
947
1019
993
964
998
959
968
934
1012
972
1015
960
983
935
934
947
1030
994
973
957
1010
1000
1014
1005
977
1058
959
975
1023
1003
961
1018
984
978
954
952
979
952
1006
960
932
978
987
1005
986
997
952
915
945
967
966
955
1045
957
971
979
971
936
980
903
970
1010
1005
1018
1022
1011
920
977
990
973
978
996
1000
972
967
954
1027
1022
966
960
1034
977
946
1035
957
988
977
990
989
990
943
980
939
978
1008
1015
1005
957
1037
927
993
960
1007
979
959
968
993
985
977
1003
936
1004
1032
926
1016
1043
939
1017
1003
1004
962
969
986
929
943
955
899
1017
984
951
955
992
980
987
1013
963
955
1044
932
933
980
935
1012
943
999
977
1047
958
925
1029
991
1020
948
995
1006
952
943
922
1022
995
969
937
959
1003
929
948
963
966
1008
983
1022
967
996
921
984
993
951
972
945
973
998
938
988
994
976
983
1012
999
981
992
910
984
989
1049
992
981
978
960
952
999
970
1039
982
1026
972
984
939
962
998
995
962
958
964
939
964
991
981
942
976
976
980
994
997
886
992
936
954
989
969
996
955
999
973
1007
990
869
952
968
986
967
981
1025
989
969
946
958
1004
1009
995
970
979
981
1017
993
953
964
958
952
977
977
976
985
1026
999
1007
982
953
958
985
1013
926
960
1023
1001
912
929
1051
1020
973
1028
997
938
941
965
917
948
944
982
977
947
1005
979
1005
973
985
1045
1045
996
956
969
961
969
953
903
958
1005
975
974
996
980
921
937
987
1033
973
906
1024
1000
1001
985
976
866
981
979
996
934
938
975
929
979
1006
969
993
970
996
976
880
951
974
966
981
964
990
966
1002
983
988
975
931
971
994
944
1023
983
968
944
981
959
1018
979
976
970
976
970
1054
992
1006
966
958
966
961
979
931
935
953
957
964
949
974
1003
965
985
971
1014
957
960
920
1001
964
979
963
974
976
993
1024
951
973
1022
978
991
1013
961
982
972
1018
940
963
1021
1027
960
975
945
989
984
992
947
992
985
1002
942
1014
952
955
1039
978
950
955
1043
1007
941
964
1011
1024
954
987
982
968
927
959
969
992
977
978
982
964
995
1017
917
1008
927
975
1013
927
963
1013
917
944
1019
1036
928
971
980
1013
962
960
954
1019
1032
998
1048
942
965
957
971
976
965
952
1003
969
901
955
946
942
975
979
980
1021
990
1024
993
984
963
952
977
945
959
957
1020
1001
989
998
946
994
994
988
963
941
1006
941
1062
939
949
1018
979
986
1025
966
1014
927
1001
949
933
988
950
915
1027
934
962
975
927
933
932
1011
973
953
975
963
1004
1015
978
971
1000
998
1004
1032
968
947
971
984
975
1007
937
942
995
943
974
968
928
1010
978
964
944
971
1020
971
959
1017
933
1021
955
1000
1046
989
985
1013
982
938
967
968
976
1004
984
977
